  -1.887160999  -1.416230272  -2.128016056
   0.020465963  -0.108846556   0.088924541
   0.028598397  -0.119045913   0.088703329
   0.026781452  -0.132464853   0.091977143
   0.013963283  -0.101950032   0.084361092
   0.024802852  -0.126235999   0.091131461
   0.018776127  -0.107959673   0.087935683
   0.025967853  -0.112194805   0.090971447
   0.027469053  -0.112680753   0.086339466
   0.038395968  -0.144500574   0.095333389
   0.011032742  -0.108291223   0.086787975
  -0.009895323  -0.099490653   0.090877478
  -0.024215668  -0.077212036   0.087432682
  -0.036679311  -0.052394535   0.080910651
  -0.028355339  -0.063324940   0.082679257
  -0.057013824  -0.040323641   0.083315990
  -0.080448475  -0.017787140   0.081869430
  -0.084324968   0.001235901   0.072900925
  -0.088465548   0.002519718   0.071766478
  -0.092681616   0.012918364   0.067335121
  -0.095254746   0.018058656   0.064859187
  -0.099678085   0.025853551   0.060474562
  -0.102291616   0.007373789   0.067770777
  -0.105702353   0.031054651   0.057992735
  -0.096802977   0.016307156   0.061284664
  -0.096665331   0.042004332   0.056221851
  -0.090714318   0.046687931   0.050237296
  -0.106310328   0.053517067   0.054298085
  -0.108683595   0.060108084   0.036230539
  -0.104200620   0.055798018   0.042441604
  -0.098222432   0.051398059   0.033234305
  -0.086446481   0.036703721   0.036165604
  -0.081463551   0.032890575   0.027929068
  -0.081798133   0.041338489   0.024470688
  -0.086139087   0.038754011   0.023004969
  -0.062028051   0.052805272   0.009465778
  -0.059162906   0.062661124   0.001160222
  -0.053932430   0.046440773   0.003318682
  -0.045789121   0.051911638  -0.005527571
  -0.048864343   0.025536875  -0.000364566
  -0.044358434   0.025933484  -0.004969984
  -0.031451187   0.048610518  -0.019224403
  -0.027719092   0.038111333  -0.016629862
  -0.034810196   0.036138309  -0.007378885
  -0.006820887   0.039128738  -0.015606454
  -0.029676277   0.043005959  -0.018671475
   0.008767756   0.037885294  -0.021079762
  -0.042014036   0.101169842  -0.049879450
  -0.019765894   0.026440670  -0.022301278
  -0.020925025   0.035120369  -0.024594291
  -0.045740696   0.066328179  -0.028517662
  -0.040696767   0.079018305  -0.033019643
  -0.035660335   0.060302099  -0.031149136
  -0.022625011   0.040771669  -0.027150424
  -0.025405838   0.001986530  -0.002636828
   0.003055626  -0.021678814   0.000669410
   0.012215084  -0.032431293   0.003610700
   0.000871441  -0.031542051   0.012079211
   0.008147948  -0.038803282   0.006343405
   0.012224737  -0.028106635  -0.003075287
   0.010808132  -0.031146559   0.001651136
   0.014715100  -0.024632185  -0.002653897
   0.006947145   0.001838754  -0.011044646
   0.018340264  -0.010607251  -0.011182425
   0.017835669  -0.012009317  -0.011182163
   0.017931746   0.000253899  -0.010652032
   0.031731157  -0.016047236  -0.012541159
   0.032764041   0.001139052  -0.018278007
   0.023665544  -0.008151826  -0.014682031
   0.023506459   0.006797878  -0.019924028
   0.022021866  -0.006591857  -0.010416278
   0.029150750  -0.006815297  -0.010735502
   0.028108980   0.003723088  -0.015344400
   0.020857192   0.006568578  -0.011698789
   0.013287191  -0.007122100  -0.007000010
   0.009824164   0.010394068  -0.008671067
   0.025129709  -0.006902781  -0.002745876
   0.001704199  -0.002829655  -0.005603912
   0.009696606   0.001187791  -0.011894845
  -0.005567377   0.005923187  -0.004471994
   0.004638552  -0.006885092  -0.002621784
  -0.001950876   0.013634600  -0.015828452
  -0.042246663   0.034425972  -0.008036623
  -0.020746783   0.019730340  -0.005969658
  -0.023824410   0.011095266   0.007991817
  -0.019158297   0.016855635  -0.000943477
  -0.045365084   0.039781529  -0.006315281
  -0.062091457   0.050757308   0.001629833
  -0.039761683   0.039960841   0.000061047
  -0.066994210   0.065675574  -0.007656240
  -0.053584128   0.057379898  -0.005842864
  -0.048530368   0.046250692  -0.007841745
  -0.021805795   0.027489257  -0.006724558
  -0.025053711   0.019775363  -0.005203383
  -0.029400452   0.024078217  -0.005048199
  -0.007881930  -0.013313561  -0.001113908
  -0.004809326  -0.006574278  -0.008591929
   0.007945127  -0.015910199  -0.010724727
   0.027594965  -0.022916957  -0.011343435
   0.026348895  -0.014182895  -0.016058874
   0.017210099   0.005001637  -0.021621898
   0.045017128  -0.011277755  -0.026260561
   0.060836003  -0.009935357  -0.041269889
   0.052698126   0.025696964  -0.061778404
   0.032540070   0.031898181  -0.046136838
   0.049442215   0.026264829  -0.056877978
   0.056516813  -0.002749270  -0.042147769
   0.029662524   0.025129822  -0.044809586
   0.050374753   0.004569844  -0.043509456
   0.058767071  -0.009358815  -0.039596236
   0.047836874   0.003402897  -0.042644081
   0.035719927   0.016625251  -0.043659298
   0.064999528  -0.012369318  -0.040651874
   0.090957347  -0.044203364  -0.034613655
   0.043922532  -0.000881071  -0.034034370
   0.057781469  -0.024388779  -0.032453271
   0.060010341  -0.026301525  -0.033918136
   0.067334979  -0.044607530  -0.024798897
   0.063130472  -0.034001369  -0.031395586
   0.065844922  -0.029926142  -0.032698916
   0.067342137  -0.023335233  -0.034922677
  -0.073897550   0.028124625   0.036525628
  -0.074822543   0.030219408   0.035467672
  -0.068427706   0.026458262   0.035152424
  -0.035440181   0.026022519   0.013875123
  -0.035515862   0.019512130   0.017926224
  -0.023778564   0.023304332   0.013765060
  -0.033035258   0.029361523   0.013662106
  -0.029538183   0.015957155   0.018003368
  -0.043355476   0.060467565   0.001023556
  -0.086509622   0.073054834   0.019703802
  -0.045183654   0.065104210  -0.000326111
  -0.053184003   0.061525812   0.002949732
  -0.039872766   0.049979736   0.007398494
  -0.056074571   0.066065222   0.006003112
  -0.037921328   0.059176640   0.003970957
  -0.038599120   0.058758571   0.007528994
  -0.060525189   0.051450694   0.024696354
  -0.044464347   0.011882003   0.040848583
  -0.075404694   0.047779664   0.028055793
   0.000052608   0.007314620   0.011663881
  -0.072671289   0.027937417   0.039652990
   0.003231870   0.018196746   0.012298980
   0.003877742  -0.016445188   0.031489889
   0.009432950  -0.007284920   0.026428595
  -0.010796980  -0.005375008   0.028612023
  -0.045868786  -0.021531600   0.036283938
   0.033303346  -0.080470566   0.041172319
   0.053916747  -0.089575072   0.042107522
   0.035981922  -0.110845357   0.070205720
   0.031295306  -0.114774759   0.080064252
   0.033509656  -0.127608137   0.101714253
   0.004636870  -0.111073202   0.098210161
   0.020102115  -0.111296359   0.071764794
   0.011708034  -0.092185429   0.057876460
   0.023832753  -0.112000716   0.076236526
   0.036130207  -0.056682757   0.030068627
   0.017745618  -0.036049428   0.023940230
   0.015494307  -0.035324843   0.023748303
   0.014678616  -0.020814146   0.020718467
   0.055543762  -0.040513293   0.014954161
   0.090034323  -0.139068325   0.053630754
   0.079486398  -0.141136072   0.052912369
   0.075771292  -0.116731787   0.047459252
   0.047292644  -0.039617593   0.015824034
   0.008273738  -0.109624018   0.064099561
   0.039174663  -0.083356080   0.037005761
   0.022942891  -0.021400101   0.014346681
   0.048018611  -0.100985439   0.046225354
   0.057660068  -0.052747015   0.007028651
   0.034029223  -0.026380537   0.004046649
   0.104434850  -0.124057232   0.015815486
   0.095953601  -0.101843130   0.005434652
   0.061014579  -0.016685469  -0.016841797
   0.051600542  -0.067817941   0.017633022
   0.047569809  -0.135274537   0.055027676
  -0.015316425   0.021138504   0.007845003
  -0.008858533   0.015780641   0.010304386
   0.006390604  -0.021810583   0.032088203
   0.005341619  -0.010745392   0.030121472
   0.012716116  -0.040613754   0.030686772
   0.017396531  -0.038749202   0.029970597
   0.022962207  -0.025741459   0.021613856
   0.012448618  -0.043593522   0.031245235
   0.002382154  -0.005764886   0.020112545
   0.015583267  -0.046183650   0.028359052
   0.009755255  -0.024411905   0.023552363
   0.014611058  -0.049569495   0.042160711
  -0.002279889  -0.033696036   0.040888444
   0.010285751  -0.027494638   0.036381568
   0.019705864  -0.020990892   0.017272564
   0.012022847  -0.027864751   0.029013722
   0.005893685  -0.014579455   0.027589343
   0.013923924  -0.013931269   0.025606677
  -0.011925550   0.066890690  -0.011856822
   0.005044500   0.020823715   0.008353386
  -0.004049836   0.026401757  -0.008326067
  -0.047657985   0.031394176   0.015068858
  -0.062686958   0.029414431   0.024050716
  -0.050244608   0.076538462  -0.022206898
  -0.042376805   0.073941893  -0.021591549
  -0.043350850   0.043174629  -0.001917194
  -0.045987734   0.032682631   0.013736718
  -0.001308426  -0.000321628  -0.009266642
   0.004240836   0.022073840  -0.019118892
  -0.002210038   0.035196692  -0.018908800
   0.011275350  -0.005305904  -0.007919220
  -0.033650220   0.048324893  -0.009546617
   0.015009013   0.004755113  -0.019955260
   0.022268594  -0.002656143  -0.020889972
  -0.019605203   0.046455901  -0.020430294
  -0.045584241   0.039504748  -0.009191874
   0.025473684   0.010200927  -0.018127224
  -0.020235299  -0.048740599   0.035477965
  -0.032783354  -0.013976695   0.025263526
  -0.006437437  -0.014315548   0.022647911
  -0.058965997   0.066811823   0.000898904
   0.011492929  -0.015946804   0.004779338
  -0.010343722   0.004630227   0.005563455
  -0.045618806   0.048703891   0.009180924
   0.030266909  -0.072514037   0.025710999
  -0.057388323   0.081181098   0.002479151
  -0.038195726   0.012174595   0.027003291
  -0.054850623   0.064222454   0.010184985
  -0.058729780   0.069537232   0.006663171
  -0.057194025   0.070244756   0.006844731
  -0.016546741  -0.012772846   0.024098275
   0.002268563  -0.004118422   0.006840093
   0.016407204  -0.054417137   0.026959742
  -0.026634763   0.035468726  -0.002380279
  -0.054635596   0.060690661   0.004070385
  -0.066625025   0.056169171   0.010943051
  -0.062768759   0.049028915   0.011414901
  -0.070963858   0.043500349   0.023666981
  -0.072783328   0.057979287   0.020027431
  -0.075146111   0.083531296   0.006043171
  -0.026589717   0.001023340   0.024354453
  -0.086132294   0.067013262   0.022079262
  -0.100179297   0.040503025   0.048294034
  -0.089115118   0.037837154   0.044485640
  -0.119511460   0.132105253   0.007520972
  -0.005208326   0.021900804   0.010817152
  -0.006567206   0.021849017   0.011590530
  -0.002977694   0.013686516   0.011302380
  -0.002285231   0.014329318   0.010032345
   0.003851129   0.015224003   0.004675682
   0.000778478   0.012078234   0.009686675
   0.031689357   0.014147313   0.009346887
   0.004707975   0.008695100   0.009945911
   0.006023229   0.014514696   0.002211590
   0.002004166   0.014167818   0.007894316
   0.000560464   0.017344589   0.007924721
   0.008594273  -0.005534706   0.009854005
   0.016240898  -0.010640745   0.009333453
   0.005766488   0.001813576   0.006681258
  -0.067346566   0.074000556  -0.005674292
  -0.024367292   0.044778122  -0.001375829
  -0.041962147   0.071214390  -0.002383176
  -0.016040231  -0.000238364   0.025749545
  -0.030038169   0.015204286   0.022827496
  -0.023824554   0.021060945   0.016360021
  -0.099992796   0.059524701   0.037112725
  -0.096862198   0.058838136   0.036140497
  -0.068306159   0.051672275   0.027511663
  -0.015462183  -0.001997559   0.027624689
  -0.019569063   0.005540842   0.021746083
  -0.029864194   0.016591705   0.012545993
  -0.028442356   0.011014789   0.015060362
  -0.028919665   0.008509117   0.013776808
  -0.045387136   0.006693026   0.040431748
  -0.026093621   0.009276876   0.006043021
  -0.020214499   0.010344180   0.002691059
   0.003111771  -0.009073880  -0.004245390
  -0.023835474   0.006278731  -0.007695842
  -0.025615235   0.014801529  -0.016265967
  -0.022723377   0.010427020  -0.016664495
  -0.012496317   0.009779456  -0.024686290
  -0.007068568   0.007227776  -0.026440414
  -0.003265209   0.012379544  -0.032669772
   0.009952622   0.000284479  -0.033683913
   0.011894205   0.005859106  -0.038960099
   0.023654741  -0.000895994  -0.040642083
   0.033780939  -0.008445524  -0.042801823
   0.046098468  -0.014782398  -0.046041855
   0.053153396  -0.016554553  -0.048208869
   0.055577472  -0.008714503  -0.054436801
   0.060111971  -0.004922363  -0.057338022
   0.080629005  -0.046210942  -0.040492045
   0.063045096  -0.028260231  -0.038283021
   0.009133019   0.011955880  -0.043393177
   0.015846607  -0.000921169  -0.031302861
   0.022660970  -0.000317960  -0.036819425
  -0.011384212   0.042815661  -0.041836456
   0.001375410   0.030772096  -0.043137308
   0.008667856   0.032995693  -0.047337506
   0.010176948   0.032166775  -0.048614351
   0.008978251  -0.003120405  -0.026696055
   0.007635185  -0.017196150  -0.001958826
   0.010454150  -0.015527024  -0.004246708
  -0.024963125   0.026771034  -0.005934562
   0.004959160  -0.008633048  -0.008947848
   0.006298816  -0.009459722  -0.010912430
   0.011740182  -0.008592207  -0.015798849
   0.003674718   0.008354758  -0.018075854
  -0.002866144   0.022312459  -0.022836199
   0.000244941   0.014505079  -0.020548273
  -0.026775813   0.029128255  -0.018731868
   0.011324416   0.018343386  -0.019580894
   0.034005763   0.008018277  -0.021823595
   0.022565586  -0.027026858   0.004092286
   0.022376979   0.005869588  -0.013167024
   0.012986727  -0.005247672  -0.003525405
   0.011361012  -0.014226470   0.007981170
   0.014373156  -0.015160769   0.006466663
   0.009183015  -0.019380472   0.017571031
   0.012375054  -0.018888587   0.015557451
  -0.007251046  -0.006690319   0.007324401
  -0.024901924   0.006567537   0.014754194
   0.008483771  -0.042881462   0.030622729
   0.000207414  -0.039929831   0.030262021
   0.042336444  -0.049924954   0.013294950
   0.035728289  -0.045452416   0.017242024
   0.034332654  -0.022187237  -0.013438207
   0.009229348  -0.024101337   0.015462775
   0.010949407  -0.021168351   0.009978621
  -0.008646937  -0.001223671   0.010004686
  -0.005308967  -0.013302190   0.015438385
  -0.008368837  -0.010120145   0.015164318
  -0.001646656  -0.026558918   0.020253466
  -0.011898868  -0.009896606   0.015778133
  -0.058975151   0.026696444   0.018114452
  -0.057684308   0.026157393   0.018591213
  -0.044221384  -0.050420227   0.041202673
  -0.044938983  -0.000789761   0.022427216
  -0.040421403   0.004045928   0.021812228
  -0.046976495  -0.016299685   0.052166612
  -0.039813042  -0.023615240   0.052216026
  -0.028333189  -0.025143932   0.041292689
  -0.010759973  -0.052739169   0.043701588
  -0.017550393  -0.044743270   0.053114610
  -0.005112245  -0.041345932   0.027577010
  -0.002613351  -0.044920406   0.027709567
   0.008525733   0.001344021  -0.010994512
   0.010968305  -0.004806477  -0.008416366
  -0.025040724   0.033248397  -0.008566088
  -0.023030049   0.031219124  -0.009231684
  -0.008713115   0.023413033  -0.011481524
  -0.016467580   0.024879167  -0.007315826
  -0.014616123   0.023617823  -0.007502798
  -0.018001095   0.035952600  -0.007801069
  -0.016489779   0.027339847  -0.008027892
  -0.015529115   0.031191670  -0.008755058
  -0.018991416   0.034628173  -0.008892904
  -0.021535708   0.036813028  -0.009780401
  -0.017944585   0.010477691  -0.002158389
  -0.010780639   0.014542297  -0.008232272
   0.033363937  -0.059069385   0.019133517
   0.029441923  -0.051188293   0.016914985
   0.031749643  -0.049863125   0.017073251
   0.018323124  -0.029095027   0.016421000
   0.036197665  -0.048965568   0.017614706
