   0.06520038
   0.01732394
   0.02383782
   0.04131933
   0.02414597
   0.03828725
   0.02084911
   0.01950638
   0.03218370
   0.05345171
   0.03277587
   0.03249103
   0.02019901
   0.00562957
   0.00694586
  -0.02138198
  -0.03518808
  -0.03935550
  -0.04933302
  -0.04721951
  -0.04420727
  -0.04935863
  -0.04582456
  -0.05739294
  -0.06140919
  -0.06778005
  -0.06866701
  -0.07771870
  -0.07998902
  -0.08163822
  -0.07797065
  -0.08124819
  -0.07876123
  -0.07874077
  -0.07450340
  -0.06397218
  -0.06233919
  -0.05728087
  -0.05027895
  -0.04020702
  -0.04124923
  -0.03238779
  -0.02862783
  -0.03504000
  -0.04316253
  -0.03387670
  -0.02928513
  -0.03541210
  -0.03473258
  -0.03057835
  -0.03751116
  -0.03306130
  -0.03504497
  -0.02070005
  -0.03195272
  -0.02562207
  -0.00859904
  -0.00397606
  -0.00072142
  -0.00710736
  -0.00615893
  -0.00068960
  -0.00138332
   0.00280853
   0.01215360
   0.01200890
   0.02077988
   0.02258731
   0.01950754
   0.01363549
   0.01929048
   0.02159800
   0.02293376
   0.01930900
   0.00704539
   0.01177975
   0.01410798
   0.00428752
   0.01311172
   0.01027634
   0.00988451
   0.00376555
  -0.00664194
  -0.00674198
  -0.01559993
  -0.00621691
  -0.02104605
  -0.02960151
  -0.02678274
  -0.03812258
  -0.02505013
  -0.01573250
   0.00685725
   0.00190578
   0.00210302
   0.02757130
   0.02276849
   0.01752019
   0.02045506
   0.01358242
   0.02472215
   0.02374815
   0.02343963
   0.01927019
   0.01209451
  -0.00066470
  -0.00541666
  -0.00150638
  -0.00262426
  -0.00458244
   0.00328259
   0.00689469
   0.00305120
   0.00279857
   0.01515001
   0.02210929
   0.02781258
   0.02986678
   0.02154624
   0.02277250
   0.01759414
   0.02387358
   0.01962635
   0.01691894
   0.02112393
   0.01983648
   0.01798540
   0.01103708
   0.02089673
   0.02220960
   0.01959111
   0.01542880
   0.00983087
  -0.01111398
   0.02343652
   0.01727834
   0.02145020
   0.03007080
   0.02789166
   0.03320403
   0.03131043
   0.03557968
   0.02899626
   0.00185591
   0.01957540
   0.00882858
   0.01972086
   0.01943331
   0.00892799
   0.01010753
   0.01012046
  -0.03824112
  -0.04235168
  -0.04351008
  -0.02148169
  -0.02060904
  -0.01885439
  -0.01883159
  -0.02102033
  -0.04958180
  -0.07548934
  -0.04153609
  -0.04497744
  -0.03795089
  -0.04066148
  -0.04433713
  -0.04487399
  -0.06176421
  -0.04645991
  -0.07876880
  -0.02426947
  -0.05967658
   0.03399920
   0.05334086
   0.05616913
   0.01190655
   0.01496301
   0.05617472
   0.07745283
   0.05864484
   0.07116015
   0.07369143
   0.04805123
   0.05137289
   0.03070165
   0.04637163
   0.01351465
   0.01515701
   0.00837581
   0.00837910
   0.03167092
   0.06801164
   0.07074195
   0.06856172
   0.01978160
   0.06342383
   0.04318421
   0.01438369
   0.09563944
   0.04952591
   0.03534188
   0.10253522
   0.08210061
   0.06997900
   0.07230399
   0.08696728
   0.02669096
   0.02854092
   0.03736465
   0.03996813
   0.01846386
   0.03207588
   0.02835307
   0.02652448
   0.00862264
   0.03171618
   0.02297157
   0.02194971
   0.01380655
   0.02611367
   0.03108771
   0.02740115
   0.01056567
   0.01123763
  -0.00263989
   0.01366780
   0.00493598
  -0.00875599
  -0.00741801
  -0.01590783
  -0.02097274
  -0.01933595
  -0.01470007
  -0.01649544
  -0.02971727
  -0.01974781
  -0.01215612
  -0.03532348
  -0.02442807
  -0.03101859
  -0.04521471
  -0.06549010
  -0.01786523
  -0.05055522
  -0.07101758
  -0.02208582
  -0.03828604
  -0.00683781
  -0.00122734
  -0.00679043
   0.01457548
  -0.00325440
   0.00954924
  -0.00186335
  -0.00313366
  -0.00202193
  -0.00770832
  -0.00590490
   0.01473620
  -0.01820006
  -0.02711929
  -0.02816801
  -0.01976157
  -0.02867677
  -0.03162954
  -0.04721474
  -0.00823829
  -0.01995854
  -0.03018169
  -0.03262418
  -0.06400336
  -0.06581204
  -0.06320772
   0.01372744
  -0.00770217
  -0.03888374
  -0.03158517
  -0.06200228
  -0.02173811
  -0.03556837
  -0.03616019
  -0.06056032
  -0.05227817
  -0.04127707
  -0.06431994
  -0.01304340
  -0.06369626
  -0.06616822
  -0.04049019
  -0.03422431
  -0.06420994
  -0.03917142
  -0.06077611
  -0.00166015
  -0.03666637
  -0.06396885
  -0.06057578
  -0.06322234
  -0.03844403
  -0.01117305
  -0.04039986
   0.01125077
   0.01128103
   0.01696025
   0.01713274
   0.02300296
   0.02360475
   0.03310204
   0.02767781
   0.02648492
   0.02411503
   0.01000918
   0.01599928
   0.01788592
   0.00701885
  -0.02312182
   0.00644333
  -0.02049242
   0.01547963
   0.00564028
   0.00565326
  -0.01177740
  -0.01067328
  -0.04378044
  -0.02000294
  -0.01855093
  -0.03421853
  -0.03149774
  -0.03256556
  -0.03468562
  -0.03096158
  -0.02761958
  -0.02338033
  -0.02403059
  -0.01979566
  -0.01807602
  -0.01423166
  -0.01474411
  -0.01383370
  -0.00549232
  -0.00512280
   0.00436756
   0.00974948
   0.01863023
   0.01477236
   0.01834868
   0.03703076
   0.02599354
   0.01744821
   0.00686345
   0.01671832
   0.01536718
  -0.01431636
  -0.01067771
  -0.00962426
  -0.01279398
  -0.01047488
  -0.01031963
  -0.01059799
  -0.01158663
  -0.01419106
  -0.00671169
  -0.00486401
  -0.00658368
  -0.01179718
  -0.00987917
  -0.01230679
   0.00589297
   0.01190423
   0.00927827
   0.01746199
   0.01784153
   0.02241625
   0.02321474
   0.02080694
   0.02294438
   0.01019574
   0.01359634
   0.00426401
   0.00473869
   0.02659190
   0.02826451
   0.02840610
  -0.00349836
  -0.00061347
  -0.01198410
  -0.01167610
  -0.01485965
  -0.00550993
  -0.01624646
  -0.01705629
  -0.01517820
  -0.00227022
  -0.00237475
   0.00086770
  -0.01233009
  -0.00611026
  -0.00613367
  -0.01020539
  -0.03411470
  -0.02655629
  -0.02616086
  -0.02018420
  -0.01787855
  -0.02050857
  -0.02127068
  -0.01811850
  -0.01675464
  -0.01704924
  -0.01842629
  -0.01152653
  -0.00975472
  -0.00233617
  -0.00371143
   0.00211152
  -0.00362307
  -0.00193880
  -0.01016544
  -0.00497916
  -0.00947815
  -0.00654030
  -0.00799374
  -0.00745001
  -0.02848863
  -0.02650297
  -0.02837608
  -0.04168079
  -0.02892373
  -0.03110831
  -0.02880283
  -0.02838465
  -0.02959001
  -0.01837702
  -0.02120014
  -0.01708967
  -0.02668756
  -0.01343510
  -0.01244672
  -0.01829768
  -0.01836327
  -0.00494703
  -0.01734562
  -0.01617744
  -0.02381093
  -0.01884873
  -0.01941077
  -0.02489572
  -0.02140172
  -0.02483965
  -0.02749226
  -0.03291685
