  -1.2516991544  -0.9350573092  -1.4856747152
  -0.0037941499  -0.0438952164   0.0446458601
  -0.0016370748  -0.0461084514   0.0446848398
   0.0018656983  -0.0544522423   0.0468680990
  -0.0021033423  -0.0438420265   0.0431180925
   0.0022756171  -0.0526432277   0.0456751079
  -0.0017545913  -0.0434169878   0.0415313868
  -0.0000053397  -0.0461952793   0.0436725950
   0.0027271593  -0.0474562689   0.0420255429
   0.0040733316  -0.0536227091   0.0446010839
  -0.0046666080  -0.0388759028   0.0407464837
  -0.0078624234  -0.0387458786   0.0426265438
  -0.0155273754  -0.0294245709   0.0421999855
  -0.0220340007  -0.0221347466   0.0418082628
  -0.0149001494  -0.0288366089   0.0414655229
  -0.0280877598  -0.0170982647   0.0413831585
  -0.0386375897  -0.0071205893   0.0413106850
  -0.0430331772   0.0006015902   0.0395313919
  -0.0459861801   0.0055129348   0.0377649800
  -0.0509206974   0.0112678239   0.0365264825
  -0.0552245741   0.0152558952   0.0373460101
  -0.0610121779   0.0213847277   0.0361064707
  -0.0621199300   0.0155742736   0.0391871192
  -0.0645202081   0.0242028774   0.0361525930
  -0.0613558522   0.0190699487   0.0370413003
  -0.0617940860   0.0260196741   0.0356760254
  -0.0562707838   0.0230773925   0.0341098082
  -0.0583054683   0.0245371000   0.0346977144
  -0.0587790330   0.0301544890   0.0277744002
  -0.0541653043   0.0280991669   0.0277720683
  -0.0494058622   0.0278402347   0.0225572635
  -0.0427509528   0.0172163574   0.0246241229
  -0.0396261377   0.0168922118   0.0197103980
  -0.0401900441   0.0215370425   0.0160367647
  -0.0406859640   0.0194478710   0.0158576852
  -0.0368807476   0.0259344950   0.0100494518
  -0.0359217473   0.0302431226   0.0054239010
  -0.0328188012   0.0270590640   0.0035617540
  -0.0267527550   0.0282869080  -0.0013827320
  -0.0254726095   0.0229525709  -0.0021280377
  -0.0225161089   0.0204328668  -0.0038690469
  -0.0164170336   0.0255122286  -0.0114665517
  -0.0115307333   0.0184813049  -0.0117580837
  -0.0155448448   0.0184312394  -0.0080472650
  -0.0120424876   0.0275485843  -0.0141241148
  -0.0172498282   0.0228183153  -0.0135517663
  -0.0053556223   0.0199267486  -0.0163673950
  -0.0136051791   0.0377726976  -0.0286975048
  -0.0147548283   0.0195422592  -0.0149083826
  -0.0087458761   0.0174730452  -0.0163265802
  -0.0107047775   0.0224405300  -0.0178596606
  -0.0126818447   0.0280288225  -0.0193315088
  -0.0068703519   0.0236903493  -0.0209175589
  -0.0010681329   0.0179076123  -0.0209394733
  -0.0015131165   0.0067796507  -0.0102943637
   0.0029926858   0.0027357348  -0.0102518052
   0.0048442740   0.0004520055  -0.0106015205
   0.0035808217  -0.0017098171  -0.0073958187
   0.0034486780  -0.0027406814  -0.0071813284
  -0.0046252363   0.0099102752  -0.0103492680
  -0.0035022260   0.0053893293  -0.0082481381
  -0.0020108641   0.0065795703  -0.0112041227
  -0.0019038369   0.0121824661  -0.0148148333
   0.0034398821   0.0058135420  -0.0143064747
  -0.0004333437   0.0088366644  -0.0145291861
   0.0005266605   0.0100372795  -0.0149043607
   0.0070279911   0.0032786612  -0.0152336370
   0.0085319324   0.0078763233  -0.0189081572
   0.0068037669   0.0091335718  -0.0202030358
   0.0024834799   0.0156403623  -0.0200429179
   0.0027372867   0.0133276550  -0.0192245397
   0.0041248577   0.0127158810  -0.0192605944
   0.0092281245   0.0109129348  -0.0210258781
   0.0096784093   0.0081348954  -0.0177801265
   0.0108043980   0.0070702791  -0.0176342407
   0.0079352708   0.0092578153  -0.0165351136
   0.0055218249   0.0095156109  -0.0143837146
   0.0057847076   0.0105157758  -0.0166293951
   0.0063368556   0.0119077453  -0.0182775777
   0.0033651036   0.0090127077  -0.0117821229
   0.0022345502   0.0078823624  -0.0110227740
  -0.0005038177   0.0150747135  -0.0156864843
  -0.0067669677   0.0162378503  -0.0133745424
  -0.0045504808   0.0106480708  -0.0085977360
  -0.0059917493   0.0114993591  -0.0086610247
  -0.0015535378   0.0073363437  -0.0094324245
  -0.0049043931   0.0098478551  -0.0106009912
  -0.0112183755   0.0154329645  -0.0079742925
  -0.0084797707   0.0120447791  -0.0088759720
  -0.0093915620   0.0162393918  -0.0119393711
  -0.0077233040   0.0140550510  -0.0108365647
  -0.0039358127   0.0114780335  -0.0125596542
  -0.0011147017   0.0076852640  -0.0114007395
   0.0029162246   0.0046228620  -0.0105075944
   0.0038176635   0.0062004354  -0.0113986755
   0.0103254793  -0.0074109950  -0.0081800754
   0.0084400963   0.0000068605  -0.0140372281
   0.0099407433  -0.0010881048  -0.0135617331
   0.0112773499  -0.0021539569  -0.0131702118
   0.0064290878   0.0034199770  -0.0148175104
   0.0100975092   0.0039673063  -0.0175230461
   0.0130270443   0.0048188145  -0.0201513723
   0.0154858882   0.0069734951  -0.0247874177
   0.0157264146   0.0116132765  -0.0285723562
   0.0093437761   0.0164092761  -0.0267767769
   0.0081264973   0.0204962998  -0.0298816503
   0.0081851602   0.0136965698  -0.0254375301
   0.0043157216   0.0165147011  -0.0259571189
   0.0124924130   0.0103529947  -0.0259493982
   0.0164896548   0.0048911864  -0.0246489330
   0.0174500277   0.0029639691  -0.0248938668
   0.0094734696   0.0105748990  -0.0258186366
   0.0124015130   0.0077343252  -0.0248236456
   0.0137840183   0.0060304939  -0.0236774793
   0.0167826951  -0.0014222029  -0.0209289763
   0.0218826411  -0.0076379000  -0.0201295010
   0.0233684424  -0.0091967163  -0.0205329715
   0.0214003531  -0.0191660982  -0.0096499700
   0.0179542613  -0.0010608453  -0.0216108304
   0.0192887140  -0.0032892023  -0.0199200810
   0.0222612707  -0.0040078474  -0.0207594738
  -0.0298916592   0.0240787359   0.0083799417
  -0.0244149971   0.0141662529   0.0093703318
  -0.0229582315   0.0130822992   0.0095333728
  -0.0252467479   0.0162843145   0.0083136031
  -0.0242918663   0.0142418553   0.0090953844
  -0.0290664725   0.0279138989   0.0066197938
  -0.0248921423   0.0175715435   0.0082196633
  -0.0260311355   0.0151707794   0.0090608640
  -0.0305144684   0.0310030076   0.0016717269
  -0.0314579030   0.0328899612   0.0009892909
  -0.0223257973   0.0262807608   0.0002964926
  -0.0321671351   0.0327151611   0.0011002103
  -0.0241382416   0.0212808991   0.0064512063
  -0.0294117471   0.0263798615   0.0059298531
  -0.0283918604   0.0328854478  -0.0005004986
  -0.0306788779   0.0338947328   0.0001566233
  -0.0239750286   0.0224168186   0.0047031067
  -0.0187548762   0.0180549083   0.0038810529
  -0.0281336733   0.0212564718   0.0085909540
  -0.0131171897   0.0100445774   0.0065493990
  -0.0188950607   0.0035700081   0.0169009090
  -0.0164672742   0.0077418114   0.0121442797
  -0.0146433472  -0.0062244247   0.0203254950
  -0.0184686559  -0.0014608854   0.0232744401
  -0.0095664661  -0.0025920560   0.0160725085
  -0.0133982994  -0.0093720158   0.0184947195
   0.0107958443  -0.0263526154   0.0148679571
  -0.0044168048  -0.0270231453   0.0298823891
  -0.0080410267  -0.0229983804   0.0295243685
  -0.0056093668  -0.0235590083   0.0285060883
  -0.0036678283  -0.0350178833   0.0382017331
   0.0027730286  -0.0405699519   0.0371218337
   0.0116806693  -0.0528662177   0.0389158326
   0.0097986177  -0.0426864033   0.0299955983
   0.0086481377  -0.0490283591   0.0408952718
   0.0048207063  -0.0269409636   0.0255265083
   0.0088088875  -0.0301053747   0.0241828605
   0.0075806786  -0.0288471150   0.0236440925
   0.0060474722  -0.0143975052   0.0121488504
   0.0191473683  -0.0296542533   0.0156608184
   0.0285327870  -0.0632124976   0.0335415735
   0.0321886702  -0.0638892372   0.0314705322
   0.0318524511  -0.0671514861   0.0370261505
   0.0146801209  -0.0393262575   0.0296272410
   0.0151382116  -0.0634137338   0.0431791970
   0.0136245441  -0.0542774869   0.0367933792
   0.0137132518  -0.0253499645   0.0161192174
   0.0204949913  -0.0505307471   0.0296418155
   0.0145860304  -0.0290034817   0.0192974471
   0.0080849094  -0.0185974270   0.0133447759
   0.0276182143  -0.0505243539   0.0234484742
   0.0268797489  -0.0477981233   0.0227967028
   0.0319314806  -0.0303579779   0.0102392529
   0.0275642426  -0.0356191571   0.0152426053
   0.0102089363  -0.0534025001   0.0365694282
  -0.0047001217   0.0023590638   0.0088933166
   0.0135812201  -0.0184081446   0.0169312747
   0.0182590933  -0.0196243781   0.0151243190
   0.0168309939  -0.0202047245   0.0176485989
  -0.0030952696  -0.0040509517   0.0132061383
   0.0068058065  -0.0169303508   0.0150801153
   0.0103307342  -0.0126647914   0.0088159355
   0.0120611054  -0.0107029593   0.0051540891
   0.0036667269  -0.0069304905   0.0095561505
   0.0114646109  -0.0190178418   0.0091542140
   0.0110162399  -0.0098472648   0.0029373829
  -0.0129209220  -0.0034276694   0.0138204593
  -0.0212138048   0.0079913405   0.0136172905
   0.0067243337  -0.0170572674   0.0148478221
   0.0113786888  -0.0168457127   0.0103147413
   0.0052242221  -0.0055297283   0.0060880903
  -0.0122221411  -0.0018673863   0.0161693357
  -0.0056962686  -0.0048942115   0.0119209430
   0.0115375311  -0.0029479343   0.0031100801
   0.0020579927   0.0023436326   0.0037664780
  -0.0040544866   0.0160989652  -0.0064516219
  -0.0070045671   0.0088016931   0.0014798328
  -0.0095090674   0.0004321548   0.0099616136
  -0.0136856805   0.0223832188  -0.0044209241
  -0.0070923591   0.0122075273  -0.0053552158
  -0.0139403129   0.0145751178  -0.0002967440
  -0.0167621084   0.0192856334   0.0011169381
  -0.0190718511   0.0086635434   0.0078908815
  -0.0187572354   0.0268669164  -0.0054016970
  -0.0012983111   0.0131549466  -0.0099171116
   0.0069743064  -0.0046560629   0.0002194130
  -0.0121551161   0.0267776110  -0.0093899318
  -0.0007335879   0.0149944437  -0.0108097003
   0.0002593647   0.0160988315  -0.0106855374
  -0.0182818556   0.0249423689  -0.0075122984
  -0.0028980307   0.0168301972  -0.0102232854
  -0.0266728308   0.0303468683  -0.0044422090
  -0.0048344280   0.0009268097   0.0043538364
  -0.0328107828   0.0257261836   0.0067905658
  -0.0394181515   0.0258543815   0.0095899067
  -0.0499464862   0.0493074968  -0.0002590829
  -0.0044284055   0.0065324014  -0.0014196623
  -0.0107430984   0.0098068740   0.0001339134
  -0.0248588784   0.0126405789   0.0109869122
   0.0002566336  -0.0177018512   0.0107952797
  -0.0322345659   0.0349473325   0.0011529964
  -0.0486518722   0.0256000349   0.0166193809
  -0.0315050335   0.0285171945   0.0050937199
  -0.0302367914   0.0290744420   0.0039106315
  -0.0343380855   0.0355128656   0.0014012398
  -0.0151248493   0.0096428957   0.0057125268
  -0.0069419557   0.0088277699   0.0000389785
  -0.0075550838  -0.0037904325   0.0084752947
  -0.0183541232   0.0212372402  -0.0017951890
  -0.0225871401   0.0192954727   0.0073653337
  -0.0292187216   0.0176173176   0.0125720889
  -0.0266104360   0.0166739110   0.0114993876
  -0.0489185029   0.0264142371   0.0199000319
  -0.0574238716   0.0375941370   0.0177189449
  -0.0613581467   0.0470947324   0.0145332957
  -0.0353888658   0.0131572656   0.0183272636
  -0.0396503946   0.0272235861   0.0134813367
  -0.0507476446   0.0299626219   0.0185662411
  -0.0486972040   0.0323129362   0.0139914359
  -0.0599487785   0.0568545916   0.0058854151
   0.0028019406  -0.0068196337   0.0159154290
   0.0029465741  -0.0071530885   0.0159639439
   0.0042903337  -0.0091492445   0.0156305694
   0.0013649372  -0.0051419008   0.0152847395
   0.0064594191  -0.0065271262   0.0102228611
   0.0032033362  -0.0061940647   0.0149560252
   0.0033955057  -0.0054749990   0.0148881119
   0.0075235795  -0.0106592670   0.0147899928
   0.0101780496  -0.0159446823   0.0185349866
   0.0066850465  -0.0085085365   0.0132626019
  -0.0145613966  -0.0024173602   0.0245854348
  -0.0149712528  -0.0076676109   0.0268038355
  -0.0139581998  -0.0076390570   0.0262740669
  -0.0116915816  -0.0003039635   0.0179319737
  -0.0290057129   0.0225313215   0.0134087259
  -0.0150281911   0.0078976261   0.0171397325
  -0.0262271858   0.0215849129   0.0154755737
  -0.0268934280   0.0020662664   0.0283105085
  -0.0282891257   0.0082520941   0.0249775935
  -0.0336271969   0.0120081209   0.0257765020
  -0.0240712396   0.0109341470   0.0203052642
  -0.0253043719   0.0139698539   0.0191487630
  -0.0397968000   0.0273886247   0.0176821670
  -0.0201804174   0.0102212593   0.0155167577
  -0.0192634253   0.0100074878   0.0145313634
  -0.0309436575   0.0234938705   0.0082675187
  -0.0280698542   0.0130580077   0.0150636955
  -0.0233176005   0.0083589039   0.0145275412
  -0.0210001791  -0.0008368110   0.0243518648
  -0.0134460336   0.0038263190   0.0101293453
  -0.0067675236   0.0001587814   0.0078555388
   0.0039237212  -0.0109896438   0.0037757374
  -0.0051361819  -0.0026653656   0.0005950657
  -0.0010925099  -0.0034935987  -0.0029579309
   0.0008493213  -0.0050701971  -0.0042800262
   0.0058964541  -0.0047860546  -0.0088823781
   0.0032466554  -0.0017140570  -0.0104141470
   0.0075503551  -0.0008675947  -0.0145099433
   0.0140602505  -0.0063780585  -0.0153739023
   0.0167619032  -0.0051003705  -0.0187779201
   0.0199245818  -0.0055322614  -0.0216091902
   0.0227471977  -0.0069257406  -0.0230939996
   0.0247740618  -0.0062363946  -0.0257355450
   0.0216433173   0.0003414091  -0.0296592985
   0.0182272407   0.0065431414  -0.0327276111
   0.0139267044   0.0079173707  -0.0307312411
   0.0131782418   0.0123092259  -0.0319410677
   0.0170320287   0.0079517006  -0.0329787890
   0.0144192723   0.0146058351  -0.0349561247
   0.0201209151  -0.0044588711  -0.0209254496
   0.0202388013   0.0012029418  -0.0249826011
  -0.0008777467   0.0209056449  -0.0196968492
   0.0043991386   0.0162357518  -0.0203281315
   0.0109330008   0.0048119319  -0.0194245364
   0.0060119487   0.0102496756  -0.0207414603
   0.0059215205  -0.0015336514  -0.0093981840
   0.0059510082  -0.0089432744  -0.0002227655
   0.0057825155  -0.0079654718  -0.0007383184
  -0.0157754985   0.0156471615  -0.0032343672
   0.0009716440   0.0016975182  -0.0057863085
   0.0005231472  -0.0007363876  -0.0049401043
   0.0051318874  -0.0003664673  -0.0078715327
   0.0035594250   0.0033670419  -0.0090232212
   0.0003221826   0.0033757192  -0.0057893510
   0.0035916386   0.0003809774  -0.0058472130
   0.0001062143   0.0059227244  -0.0068793411
  -0.0002348352   0.0039031086  -0.0055039590
   0.0031486135  -0.0046078972  -0.0015940691
   0.0014528579  -0.0055020940   0.0013395369
   0.0137901846  -0.0070486692  -0.0043631680
   0.0080183549  -0.0087145951  -0.0001824162
   0.0091134094  -0.0122771232   0.0018368353
   0.0076684027  -0.0101792271   0.0012745462
   0.0080275646  -0.0076845473  -0.0006213873
   0.0059033807  -0.0076151637   0.0004542660
   0.0058182460  -0.0081354598   0.0013577315
   0.0071950703  -0.0121403307   0.0090452777
   0.0002815555  -0.0112308689   0.0094611801
  -0.0023519508  -0.0078650374   0.0094226504
  -0.0017304331  -0.0082185209   0.0095608404
  -0.0030459577  -0.0061604696   0.0089192364
  -0.0028850144   0.0026724633  -0.0016939848
  -0.0066406125  -0.0034257632   0.0088710116
  -0.0045794380  -0.0051140468   0.0084646111
  -0.0111954919   0.0069373554   0.0067470408
  -0.0100080393   0.0060278247   0.0062775180
  -0.0091741450   0.0053660978   0.0059866185
  -0.0065834498  -0.0006334528   0.0079916582
  -0.0076367318   0.0037417643   0.0057153698
  -0.0214867065   0.0162352978   0.0048686966
  -0.0201735193   0.0190518577   0.0031788300
  -0.0147200338  -0.0034377501   0.0104350167
  -0.0177239515   0.0052052040   0.0081189928
  -0.0162046717   0.0073688080   0.0068508078
  -0.0158719324   0.0122351943   0.0047131006
  -0.0121948562   0.0081226141   0.0052033040
  -0.0113540782   0.0069924144   0.0050774894
  -0.0145867528   0.0035434578   0.0074952367
  -0.0209837092   0.0158393721   0.0038813788
  -0.0172621275   0.0206477272  -0.0065471162
  -0.0182379039   0.0133235010   0.0021862721
  -0.0150981062   0.0177976724  -0.0042360804
  -0.0131374154   0.0148367835  -0.0031400439
  -0.0139226125   0.0150515086  -0.0031305652
  -0.0145032108   0.0161862959  -0.0036846299
  -0.0113318511   0.0152221021  -0.0061217634
  -0.0136812621   0.0148235175  -0.0032214499
  -0.0122941203   0.0141383464  -0.0036406328
  -0.0158210312   0.0190323479  -0.0036033231
  -0.0134823881   0.0164894594  -0.0045203069
  -0.0149346799   0.0184970216  -0.0048397173
  -0.0136216952   0.0113395963   0.0016289740
  -0.0145392178   0.0128711028   0.0012973463
  -0.0110205693  -0.0024246175   0.0078218985
  -0.0113762329   0.0045579618   0.0025543574
   0.0002792005  -0.0085025973   0.0059341064
  -0.0050831897  -0.0024765937   0.0058122770
  -0.0028552901  -0.0034869751   0.0049474394
  -0.0040028516  -0.0021929388   0.0049536003
  -0.0014836234  -0.0036652492   0.0033034554
